# relative_time, cycles_done, cur_item, corpus_count, pending_total, pending_favs, map_size, saved_crashes, saved_hangs, max_depth, execs_per_sec, total_execs, edges_found
61, 0, 0, 10, 10, 1, 0.16%, 0, 0, 2, 47.19, 2453, 108
67, 0, 0, 11, 11, 1, 0.17%, 0, 1, 2, 3.64, 2622, 111
72, 0, 0, 12, 12, 1, 0.17%, 0, 1, 2, 42.58, 2847, 111
77, 0, 0, 13, 13, 1, 0.17%, 1, 1, 2, 44.49, 3078, 111
82, 0, 0, 14, 14, 1, 0.17%, 1, 1, 2, 48.26, 3325, 111
87, 0, 0, 14, 14, 1, 0.17%, 1, 1, 2, 47.88, 3570, 111
92, 0, 0, 14, 14, 1, 0.17%, 1, 1, 2, 35.81, 3734, 111
97, 0, 0, 14, 14, 1, 0.17%, 1, 1, 2, 32.71, 3893, 111
102, 0, 0, 14, 14, 1, 0.17%, 1, 1, 2, 46.60, 4144, 111
108, 0, 0, 14, 14, 1, 0.17%, 1, 1, 2, 49.07, 4404, 111
113, 0, 0, 14, 14, 1, 0.17%, 1, 1, 2, 48.25, 4651, 111
118, 0, 0, 15, 15, 1, 0.17%, 1, 1, 2, 50.81, 4908, 111
123, 0, 0, 15, 15, 1, 0.17%, 1, 1, 2, 35.67, 5065, 111
128, 0, 0, 15, 15, 1, 0.17%, 1, 1, 2, 32.34, 5229, 111
133, 0, 0, 15, 15, 1, 0.17%, 1, 1, 2, 39.15, 5427, 111
138, 0, 0, 15, 15, 1, 0.17%, 1, 1, 2, 46.18, 5669, 111
143, 0, 0, 15, 15, 1, 0.17%, 1, 1, 2, 47.93, 5923, 111
148, 0, 0, 16, 16, 1, 0.17%, 1, 1, 2, 47.58, 6172, 111
154, 0, 0, 16, 16, 1, 0.17%, 1, 1, 2, 38.54, 6370, 111
159, 0, 0, 16, 16, 1, 0.17%, 1, 1, 2, 35.31, 6539, 111
164, 0, 0, 16, 16, 1, 0.17%, 1, 1, 2, 31.41, 6696, 111
169, 0, 0, 16, 16, 1, 0.17%, 1, 1, 2, 45.88, 6945, 111
174, 0, 0, 16, 16, 1, 0.17%, 1, 1, 2, 48.70, 7196, 111
179, 0, 0, 16, 16, 1, 0.17%, 1, 1, 2, 49.81, 7440, 111
184, 0, 0, 17, 17, 1, 0.17%, 1, 1, 2, 50.64, 7697, 111
189, 0, 0, 17, 17, 1, 0.17%, 1, 1, 2, 38.31, 7877, 111
194, 0, 0, 17, 17, 1, 0.17%, 1, 1, 2, 36.36, 8057, 111
200, 0, 0, 17, 17, 1, 0.17%, 1, 1, 2, 46.02, 8293, 111
205, 0, 0, 17, 17, 1, 0.17%, 1, 1, 2, 48.30, 8545, 111
210, 0, 0, 17, 17, 1, 0.17%, 1, 1, 2, 48.69, 8795, 111
215, 0, 0, 17, 17, 1, 0.17%, 1, 1, 2, 49.22, 9047, 111
220, 0, 0, 17, 17, 1, 0.17%, 1, 1, 2, 35.78, 9214, 111
225, 0, 0, 18, 18, 1, 0.17%, 1, 1, 2, 34.16, 9389, 111
230, 0, 0, 18, 18, 1, 0.17%, 1, 1, 2, 42.74, 9602, 111
235, 0, 0, 18, 18, 1, 0.17%, 1, 1, 2, 49.95, 9867, 111
241, 0, 0, 18, 18, 1, 0.17%, 1, 1, 2, 49.67, 10123, 111
246, 0, 0, 18, 18, 1, 0.17%, 1, 1, 2, 48.64, 10378, 111
251, 0, 0, 18, 18, 1, 0.17%, 1, 1, 2, 39.84, 10575, 111
256, 0, 0, 18, 18, 1, 0.17%, 1, 1, 2, 34.73, 10745, 111
261, 0, 0, 18, 18, 1, 0.17%, 1, 1, 2, 42.72, 10963, 111
266, 0, 0, 18, 18, 1, 0.17%, 1, 1, 2, 47.75, 11214, 111
271, 0, 0, 18, 18, 1, 0.17%, 1, 1, 2, 48.91, 11463, 111
276, 0, 0, 18, 18, 1, 0.17%, 1, 1, 2, 48.64, 11703, 111
281, 0, 0, 18, 18, 1, 0.17%, 1, 2, 2, 43.24, 11875, 111
286, 0, 0, 18, 18, 1, 0.17%, 1, 2, 2, 34.06, 12037, 111
292, 0, 0, 18, 18, 1, 0.17%, 1, 2, 2, 31.86, 12197, 111
297, 0, 0, 18, 18, 1, 0.17%, 1, 2, 2, 45.73, 12447, 111
302, 0, 0, 18, 18, 1, 0.17%, 1, 2, 2, 47.12, 12692, 111
307, 0, 0, 18, 18, 1, 0.17%, 1, 2, 2, 46.77, 12934, 111
312, 0, 0, 18, 18, 1, 0.17%, 1, 2, 2, 46.92, 13170, 111
317, 0, 0, 18, 18, 1, 0.17%, 1, 2, 2, 35.65, 13330, 111
322, 0, 0, 18, 18, 1, 0.17%, 1, 2, 2, 31.35, 13480, 111
327, 0, 0, 18, 18, 1, 0.17%, 1, 2, 2, 30.34, 13634, 111
332, 0, 0, 18, 18, 1, 0.17%, 1, 2, 2, 34.58, 13815, 111
337, 0, 0, 18, 18, 1, 0.17%, 1, 2, 2, 43.55, 14052, 111
342, 0, 0, 18, 18, 1, 0.17%, 1, 2, 2, 45.87, 14286, 111
347, 0, 0, 18, 18, 1, 0.17%, 1, 2, 2, 48.60, 14541, 111
353, 0, 0, 18, 18, 1, 0.17%, 1, 3, 2, 37.74, 14713, 111
358, 0, 0, 18, 18, 1, 0.17%, 1, 3, 2, 34.46, 14883, 111
363, 0, 0, 18, 18, 1, 0.17%, 1, 3, 2, 34.57, 15062, 111
368, 0, 0, 18, 18, 1, 0.17%, 1, 3, 2, 37.27, 15241, 111
373, 0, 0, 18, 18, 1, 0.17%, 1, 3, 2, 45.38, 15479, 111
378, 0, 0, 18, 18, 1, 0.17%, 1, 3, 2, 46.86, 15720, 111
383, 0, 0, 18, 18, 1, 0.17%, 1, 3, 2, 47.85, 15967, 111
388, 0, 0, 18, 18, 1, 0.17%, 1, 3, 2, 39.26, 16174, 111
394, 0, 0, 18, 18, 1, 0.17%, 1, 3, 2, 34.62, 16347, 111
399, 0, 0, 18, 18, 1, 0.17%, 1, 3, 2, 32.52, 16512, 111
404, 0, 0, 18, 18, 1, 0.17%, 1, 3, 2, 34.01, 16688, 111
409, 0, 0, 18, 18, 1, 0.17%, 1, 3, 2, 35.85, 16857, 111
414, 0, 0, 18, 18, 1, 0.17%, 1, 3, 2, 47.85, 17119, 111
419, 0, 0, 18, 18, 1, 0.17%, 1, 3, 2, 47.76, 17369, 111
424, 0, 0, 18, 18, 1, 0.17%, 1, 3, 2, 47.16, 17610, 111
429, 0, 0, 18, 18, 1, 0.17%, 1, 3, 2, 42.41, 17830, 111
434, 0, 0, 18, 18, 1, 0.17%, 1, 3, 2, 34.55, 17991, 111
440, 0, 0, 18, 18, 1, 0.17%, 1, 3, 2, 32.82, 18153, 111
445, 0, 0, 18, 18, 1, 0.17%, 1, 3, 2, 32.99, 18322, 111
450, 0, 0, 18, 18, 1, 0.17%, 1, 3, 2, 32.99, 18497, 111
455, 0, 0, 18, 18, 1, 0.17%, 1, 3, 2, 46.29, 18736, 111
460, 0, 0, 18, 18, 1, 0.17%, 1, 3, 2, 51.10, 19000, 111
465, 0, 0, 18, 18, 1, 0.17%, 1, 3, 2, 50.56, 19259, 111
470, 0, 0, 18, 18, 1, 0.17%, 1, 3, 2, 47.44, 19501, 111
475, 0, 0, 18, 18, 1, 0.17%, 1, 3, 2, 36.08, 19679, 111
480, 0, 0, 18, 18, 1, 0.17%, 1, 3, 2, 32.25, 19840, 111
486, 0, 0, 18, 18, 1, 0.17%, 1, 3, 2, 42.80, 20064, 111
491, 0, 0, 18, 18, 1, 0.17%, 1, 3, 2, 44.52, 20299, 111
496, 0, 0, 18, 18, 1, 0.17%, 1, 3, 2, 47.97, 20545, 111
501, 0, 0, 18, 18, 1, 0.17%, 1, 3, 2, 49.60, 20802, 111
506, 0, 0, 18, 18, 1, 0.17%, 2, 3, 2, 38.48, 20992, 111
511, 0, 0, 18, 18, 1, 0.17%, 2, 3, 2, 34.43, 21158, 111
516, 0, 0, 18, 18, 1, 0.17%, 2, 3, 2, 33.33, 21325, 111
521, 0, 0, 18, 18, 1, 0.17%, 2, 3, 2, 41.97, 21543, 111
526, 0, 0, 19, 19, 1, 0.17%, 2, 3, 2, 48.79, 21804, 111
531, 0, 0, 19, 19, 1, 0.17%, 2, 3, 2, 50.25, 22058, 111
536, 0, 0, 19, 19, 1, 0.17%, 2, 3, 2, 50.27, 22315, 111
542, 0, 0, 19, 19, 1, 0.17%, 2, 3, 2, 39.03, 22500, 111
547, 0, 0, 19, 19, 1, 0.17%, 2, 3, 2, 34.65, 22672, 111
552, 0, 0, 19, 19, 1, 0.17%, 2, 3, 2, 43.80, 22911, 111
557, 0, 0, 19, 19, 1, 0.17%, 2, 3, 2, 49.87, 23175, 111
562, 0, 0, 19, 19, 1, 0.17%, 2, 3, 2, 45.50, 23404, 111
567, 0, 0, 19, 19, 1, 0.17%, 2, 3, 2, 47.57, 23644, 111
572, 0, 0, 19, 19, 1, 0.17%, 2, 3, 2, 37.03, 23817, 111
577, 0, 0, 19, 19, 1, 0.17%, 2, 3, 2, 33.16, 23977, 111
582, 0, 0, 19, 19, 1, 0.17%, 2, 3, 2, 29.91, 24130, 111
587, 0, 0, 19, 19, 1, 0.17%, 2, 3, 2, 32.78, 24295, 111
593, 0, 0, 19, 19, 1, 0.17%, 2, 3, 2, 47.40, 24539, 111
598, 0, 0, 19, 19, 1, 0.17%, 2, 3, 2, 49.89, 24792, 111
603, 0, 0, 19, 19, 1, 0.17%, 2, 3, 2, 48.85, 25032, 111
608, 0, 0, 19, 19, 1, 0.17%, 2, 3, 2, 49.01, 25281, 111
613, 0, 0, 19, 19, 1, 0.17%, 2, 3, 2, 39.25, 25471, 111
618, 0, 0, 19, 19, 1, 0.17%, 2, 3, 2, 33.83, 25637, 111
623, 0, 0, 19, 19, 1, 0.17%, 2, 3, 2, 33.48, 25806, 111
628, 0, 0, 19, 19, 1, 0.17%, 2, 3, 2, 45.93, 26052, 111
634, 0, 0, 19, 19, 1, 0.17%, 2, 3, 2, 46.39, 26299, 111
639, 0, 0, 19, 19, 1, 0.17%, 2, 3, 2, 46.76, 26535, 111
644, 0, 0, 19, 19, 1, 0.17%, 2, 3, 2, 41.94, 26752, 111
649, 0, 0, 19, 19, 1, 0.17%, 2, 3, 2, 31.58, 26893, 111
654, 0, 0, 19, 19, 1, 0.17%, 2, 3, 2, 29.95, 27046, 111
659, 0, 0, 19, 19, 1, 0.17%, 2, 3, 2, 31.69, 27213, 111
664, 0, 0, 19, 19, 1, 0.17%, 2, 3, 2, 33.04, 27378, 111
669, 0, 0, 19, 19, 1, 0.17%, 2, 3, 2, 32.02, 27539, 111
674, 0, 0, 19, 19, 1, 0.17%, 2, 3, 2, 36.10, 27723, 111
679, 0, 0, 19, 19, 1, 0.17%, 2, 3, 2, 44.49, 27965, 111
685, 0, 0, 19, 19, 1, 0.17%, 2, 3, 2, 46.50, 28204, 111
690, 0, 3, 19, 18, 3, 0.17%, 2, 3, 2, 114.16, 28839, 111
695, 0, 16, 19, 17, 2, 0.17%, 2, 3, 2, 102.35, 29333, 111
700, 0, 16, 19, 17, 2, 0.17%, 2, 3, 2, 46.35, 29724, 111
705, 0, 16, 19, 17, 2, 0.17%, 2, 3, 2, 89.30, 30235, 111
710, 0, 16, 19, 17, 2, 0.17%, 2, 3, 2, 83.87, 30615, 111
715, 0, 16, 19, 17, 2, 0.17%, 2, 3, 2, 124.50, 31265, 111
720, 0, 16, 19, 17, 2, 0.17%, 2, 3, 2, 152.06, 31613, 111
725, 0, 16, 19, 17, 2, 0.17%, 2, 3, 2, 150.52, 32202, 111
731, 0, 16, 19, 17, 2, 0.17%, 2, 3, 2, 116.27, 32728, 111
736, 0, 16, 19, 17, 2, 0.17%, 2, 3, 2, 70.72, 33058, 111
741, 0, 16, 19, 17, 2, 0.17%, 2, 3, 2, 60.23, 33345, 111
746, 0, 16, 19, 17, 2, 0.17%, 2, 3, 2, 61.93, 33645, 111
751, 0, 6, 19, 16, 1, 0.17%, 2, 3, 2, 94.92, 34095, 111
756, 0, 6, 19, 16, 1, 0.17%, 2, 3, 2, 131.44, 34777, 111
761, 0, 6, 19, 16, 1, 0.17%, 2, 3, 2, 95.09, 35250, 111
766, 0, 6, 19, 16, 1, 0.17%, 2, 3, 2, 65.29, 35472, 111
771, 0, 6, 19, 16, 1, 0.17%, 2, 3, 2, 79.13, 35896, 111
776, 0, 6, 19, 16, 1, 0.17%, 2, 3, 2, 73.72, 36319, 111
781, 0, 6, 19, 16, 1, 0.17%, 2, 3, 2, 49.17, 36532, 111
786, 0, 6, 19, 16, 1, 0.17%, 2, 3, 2, 52.61, 36794, 111
792, 0, 3, 19, 15, 0, 0.17%, 2, 3, 2, 54.07, 37104, 111
797, 0, 3, 19, 15, 0, 0.17%, 2, 3, 2, 71.05, 37469, 111
802, 0, 16, 19, 15, 0, 0.17%, 2, 3, 2, 53.84, 37731, 111
807, 0, 3, 19, 15, 0, 0.17%, 2, 3, 2, 59.23, 38043, 111
812, 0, 3, 19, 15, 0, 0.17%, 2, 3, 2, 59.38, 38326, 111
817, 0, 3, 19, 15, 0, 0.17%, 2, 3, 2, 51.55, 38598, 111
822, 0, 16, 19, 15, 0, 0.17%, 2, 3, 2, 52.83, 38869, 111
827, 0, 6, 19, 15, 0, 0.17%, 2, 3, 2, 60.06, 39218, 111
832, 1, 16, 19, 15, 0, 0.17%, 2, 3, 2, 59.48, 39528, 111
837, 1, 3, 19, 15, 0, 0.17%, 2, 3, 2, 67.60, 39878, 111
843, 1, 3, 19, 15, 0, 0.17%, 2, 3, 2, 49.39, 40104, 111
848, 1, 16, 19, 15, 0, 0.17%, 2, 3, 2, 47.23, 40341, 111
853, 1, 3, 19, 15, 0, 0.17%, 2, 3, 2, 32.62, 40483, 111
858, 1, 3, 19, 15, 0, 0.17%, 2, 3, 2, 55.84, 40777, 111
863, 1, 3, 19, 15, 0, 0.17%, 2, 4, 2, 73.49, 41107, 111
868, 1, 3, 19, 15, 0, 0.17%, 2, 4, 2, 71.21, 41443, 111
873, 1, 6, 19, 15, 0, 0.17%, 2, 4, 2, 51.96, 41701, 111
878, 1, 3, 19, 15, 0, 0.17%, 2, 4, 2, 50.61, 41971, 111
883, 1, 16, 19, 15, 0, 0.17%, 2, 4, 2, 52.14, 42245, 111
888, 1, 6, 19, 15, 0, 0.17%, 2, 4, 2, 44.91, 42455, 111
894, 2, 3, 19, 15, 0, 0.17%, 2, 4, 2, 55.55, 42726, 111
899, 2, 3, 19, 15, 0, 0.17%, 2, 4, 2, 70.40, 43073, 111
904, 2, 3, 19, 15, 0, 0.17%, 2, 4, 2, 61.33, 43367, 111
909, 2, 6, 19, 15, 0, 0.17%, 2, 4, 2, 64.84, 43712, 111
914, 2, 3, 19, 15, 0, 0.17%, 2, 4, 2, 51.67, 43977, 111
919, 2, 8, 19, 15, 0, 0.17%, 2, 4, 2, 58.90, 44268, 111
924, 2, 8, 19, 15, 0, 0.17%, 2, 4, 2, 73.74, 44666, 111
929, 2, 8, 19, 15, 0, 0.17%, 2, 4, 2, 88.39, 45138, 111
934, 2, 8, 19, 15, 0, 0.17%, 2, 4, 2, 83.32, 45587, 111
939, 2, 8, 19, 15, 0, 0.17%, 2, 4, 2, 81.95, 45886, 111
944, 2, 8, 19, 15, 0, 0.17%, 2, 4, 2, 123.23, 46540, 111
950, 2, 8, 19, 15, 0, 0.17%, 2, 4, 2, 75.29, 46870, 111
955, 2, 8, 19, 15, 0, 0.17%, 2, 4, 2, 43.89, 47055, 111
960, 2, 3, 19, 14, 0, 0.17%, 2, 4, 2, 50.04, 47329, 111
965, 2, 3, 19, 14, 0, 0.17%, 2, 4, 2, 50.63, 47599, 111
970, 2, 3, 19, 14, 0, 0.17%, 2, 4, 2, 58.37, 47915, 111
975, 3, 9, 19, 14, 0, 0.17%, 2, 4, 2, 82.05, 48300, 111
980, 3, 9, 19, 14, 0, 0.17%, 2, 4, 2, 118.97, 48926, 111
985, 3, 9, 19, 14, 0, 0.17%, 2, 4, 2, 106.45, 49476, 111
990, 3, 9, 19, 14, 0, 0.17%, 2, 4, 2, 82.83, 49856, 111
996, 3, 9, 19, 14, 0, 0.17%, 2, 4, 2, 79.97, 50306, 111
1001, 3, 9, 19, 14, 0, 0.17%, 2, 4, 2, 79.08, 50723, 111
1006, 3, 9, 19, 14, 0, 0.17%, 2, 4, 2, 49.50, 50931, 111
1011, 3, 9, 19, 14, 0, 0.17%, 2, 4, 2, 39.46, 51131, 111
1016, 3, 3, 19, 13, 0, 0.17%, 2, 4, 2, 54.40, 51424, 111
1021, 3, 16, 19, 13, 0, 0.17%, 2, 4, 2, 63.34, 51747, 111
1026, 3, 6, 19, 13, 0, 0.17%, 2, 4, 2, 63.02, 52088, 111
1031, 3, 3, 19, 13, 0, 0.17%, 2, 4, 2, 62.70, 52414, 111
1036, 3, 16, 19, 13, 0, 0.17%, 2, 4, 2, 52.50, 52693, 111
1041, 3, 3, 19, 13, 0, 0.17%, 2, 4, 2, 50.84, 52918, 111
1047, 3, 6, 19, 13, 0, 0.17%, 2, 4, 2, 40.33, 53112, 111
1052, 3, 4, 19, 13, 0, 0.17%, 2, 4, 2, 77.55, 53510, 111
1057, 3, 4, 19, 13, 0, 0.17%, 2, 4, 2, 127.30, 54136, 111
1062, 3, 4, 19, 13, 0, 0.17%, 2, 4, 2, 78.30, 54511, 111
1067, 3, 4, 19, 13, 0, 0.17%, 2, 4, 2, 98.99, 55005, 111
1072, 3, 4, 19, 13, 0, 0.17%, 2, 4, 2, 97.90, 55571, 111
1077, 3, 4, 19, 13, 0, 0.17%, 2, 4, 2, 58.56, 55818, 111
1082, 3, 3, 19, 12, 0, 0.17%, 2, 4, 2, 49.94, 56034, 111
1088, 3, 6, 19, 12, 0, 0.17%, 2, 4, 2, 46.81, 56289, 111
1093, 3, 16, 19, 12, 0, 0.17%, 2, 4, 2, 40.68, 56493, 111
1098, 3, 3, 19, 12, 0, 0.17%, 2, 4, 2, 56.96, 56787, 111
1103, 3, 3, 19, 12, 0, 0.17%, 2, 4, 2, 67.35, 57141, 111
1108, 4, 3, 19, 12, 0, 0.17%, 2, 4, 2, 60.15, 57442, 111
1113, 4, 6, 19, 12, 0, 0.17%, 2, 4, 2, 48.50, 57689, 111
1118, 4, 3, 19, 12, 0, 0.17%, 2, 4, 2, 46.85, 57938, 111
1123, 4, 6, 19, 12, 0, 0.17%, 2, 4, 2, 48.02, 58180, 111
1128, 4, 6, 19, 12, 0, 0.17%, 2, 4, 2, 38.75, 58365, 111
1134, 4, 6, 19, 12, 0, 0.17%, 2, 4, 2, 38.69, 58567, 111
1139, 4, 3, 19, 12, 0, 0.17%, 2, 4, 2, 61.71, 58905, 111
1144, 4, 3, 19, 12, 0, 0.17%, 2, 4, 2, 61.42, 59208, 111
1149, 4, 3, 19, 12, 0, 0.17%, 2, 4, 2, 77.93, 59605, 111
1154, 4, 3, 19, 12, 0, 0.17%, 2, 4, 2, 76.45, 59966, 111
1159, 4, 3, 19, 12, 0, 0.17%, 2, 4, 2, 58.71, 60217, 111
1164, 5, 3, 19, 12, 0, 0.17%, 2, 5, 2, 46.93, 60414, 111
1169, 5, 6, 19, 12, 0, 0.17%, 2, 5, 2, 52.87, 60671, 111
1174, 5, 16, 19, 12, 0, 0.17%, 2, 5, 2, 50.07, 60898, 111
1179, 5, 3, 19, 12, 0, 0.17%, 2, 5, 2, 62.28, 61224, 111
1185, 5, 3, 19, 12, 0, 0.17%, 2, 5, 2, 57.31, 61515, 111
1190, 5, 3, 19, 12, 0, 0.17%, 2, 5, 2, 65.30, 61854, 111
1195, 5, 3, 19, 12, 0, 0.17%, 2, 5, 2, 59.73, 62158, 111
1200, 5, 3, 19, 12, 0, 0.17%, 2, 5, 2, 57.43, 62431, 111
1205, 5, 6, 19, 12, 0, 0.17%, 2, 5, 2, 45.99, 62644, 111
1210, 5, 6, 19, 12, 0, 0.17%, 2, 5, 2, 37.30, 62832, 111
1215, 5, 16, 19, 12, 0, 0.17%, 2, 5, 2, 56.14, 63151, 111
1220, 5, 16, 19, 12, 0, 0.17%, 2, 5, 2, 70.31, 63525, 111
1226, 6, 3, 19, 12, 0, 0.17%, 2, 5, 2, 67.28, 63860, 111
1231, 6, 3, 19, 12, 0, 0.17%, 2, 5, 2, 67.63, 64204, 111
1236, 6, 3, 19, 12, 0, 0.17%, 2, 5, 2, 59.24, 64502, 111
1241, 6, 3, 19, 12, 0, 0.17%, 2, 5, 2, 49.22, 64705, 111
1246, 6, 6, 19, 12, 0, 0.17%, 2, 5, 2, 42.18, 64916, 111
1251, 6, 3, 19, 12, 0, 0.17%, 2, 5, 2, 50.07, 65182, 111
1256, 6, 6, 19, 12, 0, 0.17%, 2, 5, 2, 63.75, 65524, 111
1261, 6, 6, 19, 12, 0, 0.17%, 2, 5, 2, 53.93, 65799, 111
1266, 6, 3, 19, 12, 0, 0.17%, 2, 5, 2, 58.69, 66133, 111
1271, 6, 3, 19, 12, 0, 0.17%, 2, 5, 2, 55.02, 66405, 111
1276, 6, 3, 19, 12, 0, 0.17%, 2, 5, 2, 42.02, 66605, 111
1281, 7, 6, 19, 12, 0, 0.17%, 2, 5, 2, 40.84, 66807, 111
1286, 7, 3, 19, 12, 0, 0.17%, 2, 5, 2, 50.05, 67092, 111
1291, 7, 3, 19, 12, 0, 0.17%, 2, 5, 2, 59.78, 67409, 111
1297, 7, 3, 19, 12, 0, 0.17%, 2, 5, 2, 60.00, 67730, 111
1302, 7, 6, 19, 12, 0, 0.17%, 2, 5, 2, 49.11, 67970, 111
1307, 7, 6, 19, 12, 0, 0.17%, 2, 5, 2, 38.88, 68158, 111
1312, 7, 3, 19, 12, 0, 0.17%, 2, 5, 2, 46.90, 68385, 111
1317, 7, 16, 19, 12, 0, 0.17%, 2, 5, 2, 49.53, 68621, 111
1322, 7, 3, 19, 12, 0, 0.17%, 2, 5, 2, 53.51, 68912, 111
1327, 7, 6, 19, 12, 0, 0.17%, 2, 5, 2, 54.74, 69194, 111
1332, 7, 3, 19, 12, 0, 0.17%, 2, 5, 2, 51.80, 69451, 111
1337, 7, 6, 19, 12, 0, 0.17%, 2, 5, 2, 45.36, 69697, 111
1343, 7, 16, 19, 12, 0, 0.17%, 2, 5, 2, 39.96, 69906, 111
1348, 7, 16, 19, 12, 0, 0.17%, 2, 5, 2, 40.18, 70121, 111
1353, 7, 12, 19, 12, 0, 0.17%, 2, 5, 2, 61.88, 70435, 111
1358, 7, 12, 19, 12, 0, 0.17%, 2, 5, 2, 69.02, 70799, 111
1363, 7, 12, 19, 12, 0, 0.17%, 2, 5, 2, 82.41, 71245, 111
1368, 7, 12, 19, 12, 0, 0.17%, 2, 5, 2, 81.88, 71673, 111
1373, 7, 12, 19, 12, 0, 0.17%, 2, 5, 2, 58.12, 71975, 111
1379, 7, 12, 19, 12, 0, 0.17%, 2, 5, 2, 53.61, 72238, 111
1384, 7, 12, 19, 12, 0, 0.17%, 2, 5, 2, 54.11, 72519, 111
1389, 7, 12, 19, 12, 0, 0.17%, 2, 5, 2, 66.25, 72845, 111
1394, 7, 12, 19, 12, 0, 0.17%, 2, 5, 2, 77.06, 73258, 111
1399, 7, 12, 19, 12, 0, 0.17%, 2, 5, 2, 63.63, 73568, 111
1404, 7, 12, 19, 12, 0, 0.17%, 2, 5, 2, 52.83, 73819, 111
1409, 7, 12, 19, 12, 0, 0.17%, 2, 5, 2, 37.84, 74001, 111
1414, 8, 6, 19, 11, 0, 0.17%, 2, 5, 2, 40.70, 74221, 111
1419, 8, 6, 19, 11, 0, 0.17%, 2, 5, 2, 42.74, 74438, 111
1424, 8, 3, 19, 11, 0, 0.17%, 2, 5, 2, 45.05, 74657, 111
1429, 8, 6, 19, 11, 0, 0.17%, 2, 5, 2, 35.26, 74815, 111
1434, 8, 3, 19, 11, 0, 0.17%, 2, 5, 2, 55.82, 75119, 111
1440, 8, 3, 19, 11, 0, 0.17%, 2, 5, 2, 64.88, 75482, 111
1445, 8, 3, 19, 11, 0, 0.17%, 2, 5, 2, 65.71, 75799, 111
1450, 8, 16, 19, 11, 0, 0.17%, 2, 5, 2, 55.26, 76070, 111
1455, 8, 16, 19, 11, 0, 0.17%, 2, 5, 2, 45.18, 76289, 111
1460, 8, 3, 19, 11, 0, 0.17%, 2, 5, 2, 44.44, 76516, 111
1465, 8, 3, 19, 11, 0, 0.17%, 2, 5, 2, 39.70, 76723, 111
1470, 8, 3, 19, 11, 0, 0.17%, 2, 5, 2, 39.88, 76937, 111
1475, 9, 3, 19, 11, 0, 0.17%, 2, 5, 2, 64.55, 77305, 111
1480, 9, 3, 19, 11, 0, 0.17%, 2, 5, 2, 65.31, 77640, 111
1485, 9, 16, 19, 11, 0, 0.17%, 2, 5, 2, 68.85, 78004, 111
1490, 9, 16, 19, 11, 0, 0.17%, 2, 5, 2, 58.17, 78297, 111
1495, 9, 3, 19, 11, 0, 0.17%, 2, 5, 2, 43.62, 78497, 111
1500, 9, 6, 19, 11, 0, 0.17%, 2, 5, 2, 36.76, 78671, 111
1506, 9, 3, 19, 11, 0, 0.17%, 2, 5, 2, 47.51, 78914, 111
1511, 9, 16, 19, 11, 0, 0.17%, 2, 5, 2, 49.15, 79169, 111
1516, 9, 3, 19, 11, 0, 0.17%, 2, 5, 2, 67.34, 79507, 111
1521, 9, 16, 19, 11, 0, 0.17%, 2, 5, 2, 67.89, 79834, 111
1526, 9, 3, 19, 11, 0, 0.17%, 2, 5, 2, 62.36, 80151, 111
1531, 9, 6, 19, 11, 0, 0.17%, 2, 5, 2, 41.87, 80359, 111
1536, 10, 3, 19, 11, 0, 0.17%, 2, 5, 2, 37.11, 80551, 111
1541, 10, 16, 19, 11, 0, 0.17%, 2, 5, 2, 41.47, 80779, 111
1546, 10, 3, 19, 11, 0, 0.17%, 2, 5, 2, 61.63, 81084, 111
1552, 10, 3, 19, 11, 0, 0.17%, 2, 5, 2, 55.24, 81404, 111
1557, 10, 6, 19, 11, 0, 0.17%, 2, 5, 2, 49.70, 81634, 111
1562, 10, 3, 19, 11, 0, 0.17%, 2, 5, 2, 53.76, 81904, 111
1567, 10, 3, 19, 11, 0, 0.17%, 2, 5, 2, 47.75, 82171, 111
1572, 10, 2, 19, 11, 0, 0.17%, 2, 5, 2, 53.23, 82427, 111
1577, 10, 2, 19, 11, 0, 0.17%, 2, 5, 2, 73.35, 82793, 111
1582, 10, 2, 19, 11, 0, 0.17%, 2, 5, 2, 92.21, 83293, 111
1587, 10, 2, 19, 11, 0, 0.17%, 2, 5, 2, 71.51, 83646, 111
1592, 10, 2, 19, 11, 0, 0.17%, 2, 5, 2, 79.13, 84083, 111
1598, 10, 2, 19, 11, 0, 0.17%, 2, 5, 2, 71.51, 84471, 111
1603, 10, 2, 19, 11, 0, 0.17%, 2, 5, 2, 50.22, 84701, 111
1608, 10, 2, 19, 11, 0, 0.17%, 2, 5, 2, 43.90, 84914, 111
1613, 10, 3, 19, 10, 0, 0.17%, 2, 5, 2, 37.61, 85092, 111
1618, 10, 6, 19, 10, 0, 0.17%, 2, 5, 2, 51.95, 85364, 111
1623, 10, 3, 19, 10, 0, 0.17%, 2, 5, 2, 41.19, 85587, 111
1628, 11, 6, 19, 10, 0, 0.17%, 2, 5, 2, 59.98, 85948, 111
1633, 11, 6, 19, 10, 0, 0.17%, 2, 5, 2, 49.93, 86194, 111
1638, 11, 3, 19, 10, 0, 0.17%, 2, 5, 2, 44.78, 86434, 111
1643, 11, 3, 19, 10, 0, 0.17%, 2, 5, 2, 41.30, 86619, 111
1649, 11, 3, 19, 10, 0, 0.17%, 2, 5, 2, 37.94, 86835, 111
1654, 11, 3, 19, 10, 0, 0.17%, 2, 5, 2, 49.80, 87103, 111
1659, 11, 16, 19, 10, 0, 0.17%, 2, 5, 2, 55.41, 87362, 111
1664, 11, 16, 19, 10, 0, 0.17%, 2, 5, 2, 46.94, 87587, 111
1669, 11, 3, 19, 10, 0, 0.17%, 2, 5, 2, 48.31, 87838, 111
1674, 11, 13, 19, 10, 0, 0.17%, 2, 5, 2, 70.22, 88192, 111
1679, 11, 13, 19, 10, 0, 0.17%, 2, 5, 2, 83.87, 88675, 111
1684, 11, 13, 19, 10, 0, 0.17%, 2, 5, 2, 79.83, 89077, 111
1690, 11, 13, 19, 10, 0, 0.17%, 2, 5, 2, 62.12, 89382, 111
1695, 11, 13, 19, 10, 0, 0.17%, 2, 5, 2, 41.38, 89586, 111
1700, 11, 13, 19, 10, 0, 0.17%, 2, 5, 2, 96.97, 90164, 111
1705, 11, 13, 19, 10, 0, 0.17%, 2, 5, 2, 82.92, 90630, 111
1710, 11, 13, 19, 10, 0, 0.17%, 2, 5, 2, 61.76, 90919, 111
1715, 11, 3, 19, 9, 0, 0.17%, 2, 5, 2, 53.22, 91167, 111
1720, 11, 3, 19, 9, 0, 0.17%, 2, 5, 2, 37.98, 91329, 111
1725, 11, 3, 19, 9, 0, 0.17%, 2, 5, 2, 47.06, 91590, 111
1730, 12, 3, 19, 9, 0, 0.17%, 2, 5, 2, 60.38, 91900, 111
1735, 12, 3, 19, 9, 0, 0.17%, 2, 5, 2, 58.32, 92194, 111
1741, 12, 3, 19, 9, 0, 0.17%, 2, 5, 2, 49.40, 92457, 111
1746, 12, 3, 19, 9, 0, 0.17%, 2, 5, 2, 52.35, 92718, 111
1751, 12, 3, 19, 9, 0, 0.17%, 2, 5, 2, 51.15, 92968, 111
1756, 12, 3, 19, 9, 0, 0.17%, 2, 5, 2, 42.49, 93174, 111
1761, 12, 16, 19, 9, 0, 0.17%, 2, 5, 2, 44.65, 93389, 111
1766, 12, 3, 19, 9, 0, 0.17%, 2, 5, 2, 54.46, 93669, 111
1771, 12, 3, 19, 9, 0, 0.17%, 2, 5, 2, 62.41, 93980, 111
1776, 12, 3, 19, 9, 0, 0.17%, 2, 5, 2, 49.97, 94222, 111
1781, 13, 3, 19, 9, 0, 0.17%, 2, 5, 2, 71.24, 94618, 111
1786, 13, 3, 19, 9, 0, 0.17%, 2, 5, 2, 50.77, 94864, 111
1791, 13, 6, 19, 9, 0, 0.17%, 2, 5, 2, 44.02, 95089, 111
1797, 13, 6, 19, 9, 0, 0.17%, 2, 5, 2, 38.93, 95286, 111
1802, 13, 6, 19, 9, 0, 0.17%, 2, 5, 2, 51.59, 95557, 111
1807, 13, 3, 19, 9, 0, 0.17%, 2, 5, 2, 57.41, 95884, 111
1812, 13, 5, 19, 9, 0, 0.17%, 2, 5, 2, 65.20, 96204, 111
1817, 13, 5, 19, 9, 0, 0.17%, 2, 5, 2, 90.11, 96693, 111
1822, 13, 5, 19, 9, 0, 0.17%, 2, 5, 2, 75.84, 97068, 111
1827, 13, 5, 19, 9, 0, 0.17%, 2, 5, 2, 60.19, 97372, 111
1832, 13, 5, 19, 9, 0, 0.17%, 2, 5, 2, 81.30, 97753, 111
1837, 13, 5, 19, 9, 0, 0.17%, 2, 5, 2, 99.42, 98273, 111
1843, 13, 5, 19, 9, 0, 0.17%, 2, 5, 2, 74.65, 98642, 111
1848, 13, 3, 19, 8, 0, 0.17%, 2, 5, 2, 61.35, 98928, 111
1853, 13, 3, 19, 8, 0, 0.17%, 2, 5, 2, 41.93, 99130, 111
1858, 13, 3, 19, 8, 0, 0.17%, 2, 5, 2, 36.86, 99318, 111
1863, 13, 3, 19, 8, 0, 0.17%, 2, 5, 2, 34.04, 99491, 111
1868, 13, 3, 19, 8, 0, 0.17%, 2, 5, 2, 46.50, 99740, 111
1874, 13, 3, 19, 8, 0, 0.17%, 2, 5, 2, 43.31, 99953, 111
1879, 14, 3, 19, 8, 0, 0.17%, 2, 5, 2, 46.93, 100203, 111
1884, 14, 3, 19, 8, 0, 0.17%, 2, 5, 2, 52.38, 100493, 111
1889, 14, 3, 19, 8, 0, 0.17%, 2, 5, 2, 40.01, 100695, 111
1894, 14, 3, 19, 8, 0, 0.17%, 2, 5, 2, 37.40, 100872, 111
1899, 14, 3, 19, 8, 0, 0.17%, 2, 5, 2, 43.42, 101066, 111
1904, 14, 3, 19, 8, 0, 0.17%, 2, 5, 2, 39.72, 101262, 111
1909, 14, 6, 19, 8, 0, 0.17%, 2, 5, 2, 46.68, 101500, 111
1914, 14, 7, 19, 8, 0, 0.17%, 2, 5, 2, 105.89, 102095, 111
1919, 14, 7, 19, 8, 0, 0.17%, 2, 5, 2, 111.77, 102729, 111
1924, 14, 7, 19, 8, 0, 0.17%, 2, 5, 2, 28.18, 102982, 111
1930, 14, 7, 19, 8, 0, 0.17%, 2, 5, 2, 66.36, 103399, 111
1935, 14, 7, 19, 8, 0, 0.17%, 2, 5, 2, 87.66, 103863, 111
1940, 14, 7, 19, 8, 0, 0.17%, 2, 5, 2, 50.12, 104073, 111
1945, 14, 7, 19, 8, 0, 0.17%, 2, 5, 2, 47.52, 104286, 111
1950, 14, 3, 19, 7, 0, 0.17%, 2, 5, 2, 56.49, 104596, 111
1955, 14, 16, 19, 7, 0, 0.17%, 2, 5, 2, 57.09, 104895, 111
1960, 14, 3, 19, 7, 0, 0.17%, 2, 5, 2, 53.59, 105193, 111
1965, 14, 3, 19, 7, 0, 0.17%, 2, 5, 2, 47.78, 105427, 111
1971, 14, 3, 19, 7, 0, 0.17%, 2, 5, 2, 53.38, 105717, 111
1976, 15, 3, 19, 7, 0, 0.17%, 2, 5, 2, 46.77, 105943, 111
1981, 15, 3, 19, 7, 0, 0.17%, 2, 5, 2, 40.46, 106162, 111
1986, 15, 3, 19, 7, 0, 0.17%, 2, 5, 2, 40.14, 106379, 111
1991, 15, 3, 19, 7, 0, 0.17%, 2, 5, 2, 54.41, 106676, 111
1996, 15, 3, 19, 7, 0, 0.17%, 2, 5, 2, 76.85, 107062, 111
2001, 15, 6, 19, 7, 0, 0.17%, 2, 5, 2, 59.30, 107342, 111
2007, 15, 3, 19, 7, 0, 0.17%, 2, 5, 2, 47.81, 107559, 111
2012, 15, 6, 19, 7, 0, 0.17%, 2, 5, 2, 41.50, 107771, 111
2017, 15, 3, 19, 7, 0, 0.17%, 2, 5, 2, 47.70, 108000, 111
2022, 15, 3, 19, 7, 0, 0.17%, 2, 5, 2, 62.02, 108312, 111
2027, 15, 3, 19, 7, 0, 0.17%, 2, 5, 2, 58.31, 108600, 111
2032, 16, 3, 19, 7, 0, 0.17%, 2, 5, 2, 66.99, 108942, 111
2037, 16, 16, 19, 7, 0, 0.17%, 2, 5, 2, 49.01, 109167, 111
2042, 16, 3, 19, 7, 0, 0.17%, 2, 5, 2, 42.56, 109390, 111
2047, 16, 16, 19, 7, 0, 0.17%, 2, 5, 2, 43.53, 109615, 111
2052, 16, 3, 19, 7, 0, 0.17%, 2, 5, 2, 55.98, 109914, 111
2058, 16, 3, 19, 7, 0, 0.17%, 2, 5, 2, 55.32, 110230, 111
2063, 16, 3, 19, 7, 0, 0.17%, 2, 5, 2, 55.20, 110500, 111
2068, 16, 6, 19, 7, 0, 0.17%, 2, 5, 2, 59.09, 110821, 111
2073, 16, 3, 19, 7, 0, 0.17%, 2, 5, 2, 49.98, 111048, 111
2078, 16, 6, 19, 7, 0, 0.17%, 2, 5, 2, 47.91, 111280, 111
2083, 16, 3, 19, 7, 0, 0.17%, 2, 5, 2, 47.60, 111508, 111
2089, 17, 3, 19, 7, 0, 0.17%, 2, 5, 2, 67.31, 111863, 111
2094, 17, 3, 19, 7, 0, 0.17%, 2, 5, 2, 69.42, 112200, 111
2099, 17, 3, 19, 7, 0, 0.17%, 2, 5, 2, 58.31, 112477, 111
2104, 17, 6, 19, 7, 0, 0.17%, 2, 5, 2, 58.70, 112799, 111
2109, 17, 3, 19, 7, 0, 0.17%, 2, 5, 2, 46.70, 113009, 111
2114, 17, 6, 19, 7, 0, 0.17%, 2, 5, 2, 54.15, 113294, 111
2119, 17, 18, 19, 7, 0, 0.17%, 2, 5, 2, 77.02, 113682, 111
2125, 17, 18, 19, 7, 0, 0.17%, 2, 5, 2, 106.30, 114285, 111
2130, 17, 18, 19, 7, 0, 0.17%, 2, 5, 2, 118.49, 114955, 111
2135, 17, 18, 19, 7, 0, 0.17%, 2, 5, 2, 85.18, 115375, 111
2140, 17, 18, 19, 7, 0, 0.17%, 2, 5, 2, 75.46, 115775, 111
2145, 17, 18, 19, 7, 0, 0.17%, 2, 5, 2, 63.82, 116022, 111
2150, 17, 18, 19, 7, 0, 0.17%, 2, 5, 2, 60.61, 116335, 111
2155, 17, 18, 19, 7, 0, 0.17%, 2, 5, 2, 103.68, 116846, 111
2160, 17, 18, 19, 7, 0, 0.17%, 2, 5, 2, 98.21, 117372, 111
2165, 17, 18, 19, 7, 0, 0.17%, 2, 5, 2, 78.12, 117735, 111
2170, 17, 18, 19, 7, 0, 0.17%, 2, 5, 2, 56.44, 118030, 111
2175, 17, 6, 19, 6, 0, 0.17%, 2, 5, 2, 41.61, 118227, 111
2181, 17, 6, 19, 6, 0, 0.17%, 2, 5, 2, 39.67, 118429, 111
2186, 17, 3, 19, 6, 0, 0.17%, 2, 5, 2, 39.46, 118626, 111
2191, 17, 3, 19, 6, 0, 0.17%, 2, 5, 2, 43.89, 118842, 111
2196, 17, 3, 19, 6, 0, 0.17%, 2, 5, 2, 59.50, 119181, 111
2201, 18, 6, 19, 6, 0, 0.17%, 2, 5, 2, 61.15, 119507, 111
2206, 18, 3, 19, 6, 0, 0.17%, 2, 5, 2, 73.92, 119895, 111
2211, 18, 16, 19, 6, 0, 0.17%, 2, 5, 2, 54.89, 120176, 111
2216, 18, 16, 19, 6, 0, 0.17%, 2, 5, 2, 40.60, 120353, 111
2221, 18, 6, 19, 6, 0, 0.17%, 2, 5, 2, 55.93, 120660, 111
2226, 18, 6, 19, 6, 0, 0.17%, 2, 5, 2, 54.81, 120931, 111
2231, 18, 3, 19, 6, 0, 0.17%, 2, 5, 2, 77.37, 121302, 111
2236, 18, 3, 19, 6, 0, 0.17%, 2, 5, 2, 56.90, 121573, 111
2242, 18, 3, 19, 6, 0, 0.17%, 2, 5, 2, 50.11, 121841, 111
2247, 18, 3, 19, 6, 0, 0.17%, 2, 5, 2, 38.79, 122025, 111
2252, 19, 3, 19, 6, 0, 0.17%, 2, 5, 2, 52.37, 122279, 111
2257, 19, 3, 19, 6, 0, 0.17%, 2, 5, 2, 68.30, 122625, 111
2262, 19, 16, 19, 6, 0, 0.17%, 2, 5, 2, 58.39, 122897, 111
2267, 19, 3, 19, 6, 0, 0.17%, 2, 5, 2, 60.09, 123215, 111
2272, 19, 3, 19, 6, 0, 0.17%, 2, 5, 2, 57.27, 123478, 111
2277, 19, 3, 19, 6, 0, 0.17%, 2, 5, 2, 61.63, 123796, 111
2282, 19, 3, 19, 6, 0, 0.17%, 2, 5, 2, 61.41, 124105, 111
2287, 19, 16, 19, 6, 0, 0.17%, 2, 5, 2, 46.43, 124311, 111
2292, 19, 16, 19, 6, 0, 0.17%, 2, 5, 2, 57.07, 124581, 111
2298, 19, 3, 19, 6, 0, 0.17%, 2, 5, 2, 61.79, 124911, 111
2303, 20, 3, 19, 6, 0, 0.17%, 2, 5, 2, 52.73, 125177, 111
2308, 20, 6, 19, 6, 0, 0.17%, 2, 5, 2, 52.38, 125436, 111
2313, 20, 3, 19, 6, 0, 0.17%, 2, 5, 2, 51.44, 125717, 111
2318, 20, 6, 19, 6, 0, 0.17%, 2, 5, 2, 39.74, 125905, 111
2323, 20, 16, 19, 6, 0, 0.17%, 2, 5, 2, 37.74, 126115, 111
2328, 20, 3, 19, 6, 0, 0.17%, 2, 5, 2, 58.21, 126409, 111
2334, 20, 3, 19, 6, 0, 0.17%, 2, 5, 2, 68.30, 126758, 111
2339, 20, 3, 19, 6, 0, 0.17%, 2, 5, 2, 68.76, 127124, 111
2344, 20, 3, 19, 6, 0, 0.17%, 2, 5, 2, 68.98, 127477, 111
2349, 20, 3, 19, 6, 0, 0.17%, 2, 5, 2, 60.45, 127774, 111
2354, 20, 3, 19, 6, 0, 0.17%, 2, 5, 2, 42.23, 127974, 111
2359, 21, 3, 19, 6, 0, 0.17%, 2, 5, 2, 42.23, 128199, 111
2364, 21, 3, 19, 6, 0, 0.17%, 2, 5, 2, 47.68, 128433, 111
2369, 21, 3, 19, 6, 0, 0.17%, 2, 5, 2, 52.20, 128704, 111
2374, 21, 1, 19, 6, 0, 0.17%, 2, 5, 2, 56.95, 129012, 111
2379, 21, 3, 19, 5, 0, 0.17%, 2, 5, 2, 61.27, 129298, 111
2384, 21, 3, 19, 5, 0, 0.17%, 2, 5, 2, 46.74, 129534, 111
2389, 21, 3, 19, 5, 0, 0.17%, 2, 5, 2, 39.89, 129739, 111
2395, 21, 16, 19, 5, 0, 0.17%, 2, 5, 2, 40.23, 129940, 111
2400, 21, 3, 19, 5, 0, 0.17%, 2, 5, 2, 62.10, 130273, 111
2405, 21, 3, 19, 5, 0, 0.17%, 2, 5, 2, 65.18, 130588, 111
2410, 22, 3, 19, 5, 0, 0.17%, 2, 5, 2, 59.76, 130867, 111
2415, 22, 16, 19, 5, 0, 0.17%, 2, 5, 2, 60.14, 131184, 111
2420, 22, 3, 19, 5, 0, 0.17%, 2, 5, 2, 51.50, 131428, 111
2425, 22, 3, 19, 5, 0, 0.17%, 2, 5, 2, 49.34, 131659, 111
2430, 22, 3, 19, 5, 0, 0.17%, 2, 5, 2, 54.63, 131930, 111
2435, 22, 3, 19, 5, 0, 0.17%, 2, 5, 2, 60.45, 132268, 111
2440, 22, 3, 19, 5, 0, 0.17%, 2, 5, 2, 64.06, 132619, 111
2446, 22, 14, 19, 5, 0, 0.17%, 2, 5, 2, 91.60, 133105, 111
2451, 22, 14, 19, 5, 0, 0.17%, 2, 5, 2, 73.52, 133454, 111
2456, 22, 14, 19, 5, 0, 0.17%, 2, 5, 2, 73.13, 133829, 111
2461, 22, 14, 19, 5, 0, 0.17%, 2, 5, 2, 60.13, 134135, 111
2466, 22, 14, 19, 5, 0, 0.17%, 2, 5, 2, 76.87, 134559, 111
2471, 22, 14, 19, 5, 0, 0.17%, 2, 5, 2, 88.39, 135080, 111
2476, 22, 14, 19, 5, 0, 0.17%, 2, 5, 2, 71.70, 135414, 111
2482, 22, 14, 19, 5, 0, 0.17%, 2, 5, 2, 89.27, 135909, 111
2487, 22, 14, 19, 5, 0, 0.17%, 2, 5, 2, 71.91, 136262, 111
2492, 22, 14, 19, 5, 0, 0.17%, 2, 5, 2, 69.57, 136628, 111
2497, 22, 14, 19, 5, 0, 0.17%, 2, 5, 2, 61.02, 136877, 111
2502, 22, 14, 19, 5, 0, 0.17%, 2, 5, 2, 62.61, 137187, 111
2507, 22, 3, 19, 4, 0, 0.17%, 2, 5, 2, 63.23, 137502, 111
2512, 22, 3, 19, 4, 0, 0.17%, 2, 5, 2, 69.98, 137829, 111
2517, 22, 6, 19, 4, 0, 0.17%, 2, 5, 2, 47.38, 138032, 111
2522, 22, 3, 19, 4, 0, 0.17%, 2, 5, 2, 46.01, 138264, 111
2527, 23, 3, 19, 4, 0, 0.17%, 2, 5, 2, 52.08, 138523, 111
2532, 23, 3, 19, 4, 0, 0.17%, 2, 5, 2, 47.36, 138738, 111
2538, 23, 3, 19, 4, 0, 0.17%, 2, 5, 2, 46.26, 138969, 111
2543, 23, 3, 19, 4, 0, 0.17%, 2, 5, 2, 55.24, 139286, 111
2548, 23, 16, 19, 4, 0, 0.17%, 2, 5, 2, 54.27, 139549, 111
2553, 23, 6, 19, 4, 0, 0.17%, 2, 5, 2, 56.86, 139856, 111
2558, 23, 16, 19, 4, 0, 0.17%, 2, 5, 2, 51.64, 140115, 111
2563, 23, 3, 19, 4, 0, 0.17%, 2, 5, 2, 48.55, 140365, 111
2568, 23, 3, 19, 4, 0, 0.17%, 2, 5, 2, 38.94, 140541, 111
2573, 23, 3, 19, 4, 0, 0.17%, 2, 5, 2, 43.49, 140759, 111
2578, 23, 3, 19, 4, 0, 0.17%, 2, 5, 2, 42.95, 140984, 111
2583, 23, 3, 19, 4, 0, 0.17%, 2, 5, 2, 53.68, 141265, 111
2588, 23, 16, 19, 4, 0, 0.17%, 2, 5, 2, 48.36, 141508, 111
2593, 24, 3, 19, 4, 0, 0.17%, 2, 5, 2, 52.15, 141821, 111
2599, 24, 6, 19, 4, 0, 0.17%, 2, 5, 2, 53.18, 142099, 111
2604, 24, 3, 19, 4, 0, 0.17%, 2, 5, 2, 48.82, 142334, 111
2609, 24, 3, 19, 4, 0, 0.17%, 2, 5, 2, 39.50, 142534, 111
2614, 24, 3, 19, 4, 0, 0.17%, 2, 5, 2, 36.27, 142730, 111
2619, 24, 3, 19, 4, 0, 0.17%, 2, 5, 2, 42.03, 142934, 111
2624, 24, 16, 19, 4, 0, 0.17%, 2, 5, 2, 57.54, 143264, 111
2629, 24, 3, 19, 4, 0, 0.17%, 2, 5, 2, 59.16, 143555, 111
2634, 24, 3, 19, 4, 0, 0.17%, 2, 5, 2, 58.72, 143829, 111
2639, 24, 3, 19, 4, 0, 0.17%, 2, 5, 2, 45.89, 144048, 111
2645, 24, 6, 19, 4, 0, 0.17%, 2, 5, 2, 48.68, 144312, 111
2650, 24, 3, 19, 4, 0, 0.17%, 2, 5, 2, 37.22, 144482, 111
2655, 24, 6, 19, 4, 0, 0.17%, 2, 5, 2, 38.07, 144673, 111
2660, 25, 6, 19, 4, 0, 0.17%, 2, 5, 2, 55.58, 144959, 111
2665, 25, 3, 19, 4, 0, 0.17%, 2, 5, 2, 47.96, 145198, 111
2670, 25, 3, 19, 4, 0, 0.17%, 2, 5, 2, 53.02, 145489, 111
2675, 25, 3, 19, 4, 0, 0.17%, 2, 5, 2, 52.83, 145752, 111
2680, 25, 16, 19, 4, 0, 0.17%, 2, 5, 2, 45.97, 145971, 111
2685, 25, 16, 19, 4, 0, 0.17%, 2, 5, 2, 45.45, 146195, 111
2691, 25, 3, 19, 4, 0, 0.17%, 2, 5, 2, 44.34, 146409, 111
2696, 25, 3, 19, 4, 0, 0.17%, 2, 5, 2, 55.29, 146715, 111
2701, 25, 6, 19, 4, 0, 0.17%, 2, 5, 2, 53.55, 146976, 111
2706, 25, 3, 19, 4, 0, 0.17%, 2, 5, 2, 64.55, 147302, 111
2711, 25, 3, 19, 4, 0, 0.17%, 2, 5, 2, 52.81, 147558, 111
2716, 25, 6, 19, 4, 0, 0.17%, 2, 5, 2, 50.76, 147821, 111
2721, 26, 3, 19, 4, 0, 0.17%, 2, 5, 2, 37.28, 147995, 111
2726, 26, 17, 19, 4, 0, 0.17%, 2, 5, 2, 65.20, 148333, 111
2731, 26, 17, 19, 4, 0, 0.17%, 2, 5, 2, 91.91, 148842, 111
2736, 26, 17, 19, 4, 0, 0.17%, 2, 5, 2, 132.13, 149574, 111
2741, 26, 17, 19, 4, 0, 0.17%, 2, 5, 2, 97.26, 149998, 111
2747, 26, 17, 19, 4, 0, 0.17%, 2, 5, 2, 72.52, 150366, 111
2752, 26, 17, 19, 4, 0, 0.17%, 2, 5, 2, 76.06, 150739, 111
2757, 26, 17, 19, 4, 0, 0.17%, 2, 5, 2, 74.85, 151072, 111
2762, 26, 17, 19, 4, 0, 0.17%, 2, 5, 2, 72.45, 151474, 111
2767, 26, 17, 19, 4, 0, 0.17%, 2, 5, 2, 91.59, 151935, 111
2772, 26, 17, 19, 4, 0, 0.17%, 2, 5, 2, 88.65, 152403, 111
2778, 26, 17, 19, 4, 0, 0.17%, 2, 6, 2, 3.58, 152664, 111
2783, 26, 17, 19, 4, 0, 0.17%, 2, 6, 2, 59.26, 152947, 111
2788, 26, 6, 19, 3, 0, 0.17%, 2, 6, 2, 52.87, 153226, 111
2793, 26, 3, 19, 3, 0, 0.17%, 2, 6, 2, 42.38, 153421, 111
2798, 26, 6, 19, 3, 0, 0.17%, 2, 6, 2, 44.51, 153654, 111
2803, 26, 6, 19, 3, 0, 0.17%, 2, 6, 2, 38.02, 153838, 111
2808, 26, 6, 19, 3, 0, 0.17%, 2, 6, 2, 60.67, 154146, 111
2813, 26, 3, 19, 3, 0, 0.17%, 2, 6, 2, 70.04, 154498, 111
2819, 26, 3, 19, 3, 0, 0.17%, 2, 6, 2, 57.24, 154764, 111
2824, 26, 3, 19, 3, 0, 0.17%, 2, 6, 2, 53.94, 155026, 111
2829, 26, 6, 19, 3, 0, 0.17%, 2, 6, 2, 43.48, 155236, 111
2834, 26, 3, 19, 3, 0, 0.17%, 2, 6, 2, 41.07, 155435, 111
2839, 27, 3, 19, 3, 0, 0.17%, 2, 6, 2, 46.69, 155707, 111
2844, 27, 16, 19, 3, 0, 0.17%, 2, 6, 2, 40.00, 155913, 111
2849, 27, 3, 19, 3, 0, 0.17%, 2, 6, 2, 48.79, 156170, 111
2854, 27, 3, 19, 3, 0, 0.17%, 2, 6, 2, 42.41, 156385, 111
2860, 27, 3, 19, 3, 0, 0.17%, 2, 6, 2, 48.03, 156610, 111
2865, 27, 3, 19, 3, 0, 0.17%, 2, 6, 2, 61.40, 156934, 111
2870, 27, 6, 19, 3, 0, 0.17%, 2, 6, 2, 61.03, 157230, 111
2875, 27, 3, 19, 3, 0, 0.17%, 2, 6, 2, 63.42, 157526, 111
2880, 27, 6, 19, 3, 0, 0.17%, 2, 6, 2, 51.60, 157795, 111
2885, 27, 15, 19, 3, 0, 0.17%, 2, 6, 2, 60.87, 158088, 111
2890, 27, 15, 19, 3, 0, 0.17%, 2, 6, 2, 75.15, 158503, 111
2896, 27, 15, 19, 3, 0, 0.17%, 2, 6, 2, 80.12, 158887, 111
2901, 27, 15, 19, 3, 0, 0.17%, 2, 6, 2, 89.72, 159422, 111
2906, 27, 15, 19, 3, 0, 0.17%, 2, 6, 2, 96.64, 159945, 111
2911, 27, 15, 19, 3, 0, 0.17%, 2, 6, 2, 137.97, 160322, 111
2916, 27, 15, 19, 3, 0, 0.17%, 2, 6, 2, 131.73, 160980, 111
2921, 27, 15, 19, 3, 0, 0.17%, 2, 6, 2, 82.27, 161328, 111
2926, 27, 15, 19, 3, 0, 0.17%, 2, 6, 2, 76.85, 161735, 111
2931, 27, 15, 19, 3, 0, 0.17%, 2, 6, 2, 63.91, 162011, 111
2936, 27, 15, 19, 3, 0, 0.17%, 2, 6, 2, 52.14, 162253, 111
2942, 27, 15, 19, 3, 0, 0.17%, 2, 6, 2, 55.26, 162549, 111
2947, 27, 3, 19, 2, 0, 0.17%, 2, 6, 2, 48.14, 162805, 111
2952, 28, 3, 19, 2, 0, 0.17%, 2, 6, 2, 47.09, 163048, 111
2957, 28, 6, 19, 2, 0, 0.17%, 2, 6, 2, 52.07, 163343, 111
2962, 28, 3, 19, 2, 0, 0.17%, 2, 6, 2, 52.87, 163611, 111
2967, 28, 3, 19, 2, 0, 0.17%, 2, 6, 2, 44.68, 163847, 111
2972, 28, 3, 19, 2, 0, 0.17%, 2, 6, 2, 49.17, 164077, 111
2977, 28, 3, 19, 2, 0, 0.17%, 2, 6, 2, 48.31, 164328, 111
2982, 28, 3, 19, 2, 0, 0.17%, 2, 6, 2, 64.98, 164667, 111
2988, 28, 3, 19, 2, 0, 0.17%, 2, 6, 2, 63.43, 164975, 111
2993, 28, 3, 19, 2, 0, 0.17%, 2, 6, 2, 58.54, 165288, 111
2998, 28, 3, 19, 2, 0, 0.17%, 2, 6, 2, 51.64, 165534, 111
3003, 28, 6, 19, 2, 0, 0.17%, 2, 6, 2, 48.64, 165794, 111
3008, 29, 3, 19, 2, 0, 0.17%, 2, 6, 2, 45.70, 166028, 111
3013, 29, 3, 19, 2, 0, 0.17%, 2, 6, 2, 35.97, 166199, 111
3018, 29, 6, 19, 2, 0, 0.17%, 2, 6, 2, 39.76, 166393, 111
3023, 29, 3, 19, 2, 0, 0.17%, 2, 6, 2, 66.80, 166770, 111
3029, 29, 3, 19, 2, 0, 0.17%, 2, 6, 2, 68.64, 167099, 111
3034, 29, 3, 19, 2, 0, 0.17%, 2, 6, 2, 62.36, 167411, 111
3039, 29, 3, 19, 2, 0, 0.17%, 2, 6, 2, 52.90, 167659, 111
3044, 29, 16, 19, 2, 0, 0.17%, 2, 6, 2, 41.28, 167864, 111
3049, 29, 3, 19, 2, 0, 0.17%, 2, 6, 2, 39.04, 168065, 111
3054, 29, 6, 19, 2, 0, 0.17%, 2, 6, 2, 37.70, 168251, 111
3059, 29, 3, 19, 2, 0, 0.17%, 2, 6, 2, 62.88, 168614, 111
3064, 29, 3, 19, 2, 0, 0.17%, 2, 6, 2, 51.66, 168862, 111
3069, 30, 3, 19, 2, 0, 0.17%, 2, 6, 2, 56.93, 169158, 111
3074, 30, 16, 19, 2, 0, 0.17%, 2, 6, 2, 47.24, 169395, 111
3080, 30, 16, 19, 2, 0, 0.17%, 2, 6, 2, 37.40, 169577, 111
3085, 30, 6, 19, 2, 0, 0.17%, 2, 6, 2, 37.14, 169762, 111
3090, 30, 6, 19, 2, 0, 0.17%, 2, 6, 2, 36.26, 169942, 111
3095, 30, 3, 19, 2, 0, 0.17%, 2, 6, 2, 56.47, 170245, 111
3100, 30, 16, 19, 2, 0, 0.17%, 2, 6, 2, 56.61, 170510, 111
3105, 30, 3, 19, 2, 0, 0.17%, 2, 6, 2, 53.47, 170798, 111
3110, 30, 3, 19, 2, 0, 0.17%, 2, 6, 2, 53.16, 171060, 111
3115, 30, 3, 19, 2, 0, 0.17%, 2, 6, 2, 42.48, 171269, 111
3120, 30, 3, 19, 2, 0, 0.17%, 2, 6, 2, 53.47, 171521, 111
3125, 30, 6, 19, 2, 0, 0.17%, 2, 6, 2, 49.30, 171780, 111
3130, 31, 6, 19, 2, 0, 0.17%, 2, 6, 2, 56.21, 172079, 111
3136, 31, 3, 19, 2, 0, 0.17%, 2, 6, 2, 51.25, 172332, 111
3141, 31, 3, 19, 2, 0, 0.17%, 2, 6, 2, 53.67, 172623, 111
3146, 31, 6, 19, 2, 0, 0.17%, 2, 6, 2, 43.03, 172821, 111
3151, 31, 16, 19, 2, 0, 0.17%, 2, 6, 2, 43.63, 173044, 111
3156, 31, 3, 19, 2, 0, 0.17%, 2, 6, 2, 44.55, 173277, 111
3161, 31, 3, 19, 2, 0, 0.17%, 2, 6, 2, 49.30, 173530, 111
3166, 31, 3, 19, 2, 0, 0.17%, 2, 6, 2, 64.82, 173855, 111
3171, 31, 3, 19, 2, 0, 0.17%, 2, 6, 2, 63.49, 174189, 111
3176, 31, 3, 19, 2, 0, 0.17%, 2, 6, 2, 56.02, 174432, 111
3181, 31, 3, 19, 2, 0, 0.17%, 2, 6, 2, 46.29, 174651, 111
3186, 31, 3, 19, 2, 0, 0.17%, 2, 6, 2, 38.84, 174832, 111
3192, 31, 6, 19, 2, 0, 0.17%, 2, 6, 2, 35.82, 175027, 111
3197, 32, 3, 19, 2, 0, 0.17%, 2, 6, 2, 46.54, 175282, 111
3202, 32, 3, 19, 2, 0, 0.17%, 2, 6, 2, 42.24, 175520, 111
3207, 32, 6, 19, 2, 0, 0.17%, 2, 6, 2, 42.59, 175748, 111
3212, 32, 3, 19, 2, 0, 0.17%, 2, 6, 2, 53.29, 176044, 111
3217, 32, 3, 19, 2, 0, 0.17%, 2, 6, 2, 50.16, 176320, 111
3222, 32, 3, 19, 2, 0, 0.17%, 2, 6, 2, 60.91, 176613, 111
3227, 32, 6, 19, 2, 0, 0.17%, 2, 6, 2, 54.55, 176874, 111
3232, 32, 3, 19, 2, 0, 0.17%, 2, 6, 2, 52.61, 177143, 111
3238, 32, 3, 19, 2, 0, 0.17%, 2, 6, 2, 40.32, 177351, 111
3243, 32, 3, 19, 2, 0, 0.17%, 2, 6, 2, 35.92, 177519, 111
3248, 33, 3, 19, 2, 0, 0.17%, 2, 6, 2, 47.49, 177794, 111
3253, 33, 16, 19, 2, 0, 0.17%, 2, 6, 2, 59.21, 178104, 111
3258, 33, 3, 19, 2, 0, 0.17%, 2, 6, 2, 61.85, 178416, 111
3263, 33, 6, 19, 2, 0, 0.17%, 2, 6, 2, 60.53, 178736, 111
3268, 33, 16, 19, 2, 0, 0.17%, 2, 6, 2, 50.89, 178988, 111
3273, 33, 3, 19, 2, 0, 0.17%, 2, 6, 2, 53.63, 179249, 111
3279, 33, 6, 19, 2, 0, 0.17%, 2, 6, 2, 40.94, 179445, 111
3284, 33, 3, 19, 2, 0, 0.17%, 2, 6, 2, 48.53, 179672, 111
3289, 33, 3, 19, 2, 0, 0.17%, 2, 6, 2, 41.66, 179862, 111
3294, 33, 3, 19, 2, 0, 0.17%, 2, 6, 2, 43.39, 180077, 111
3299, 33, 16, 19, 2, 0, 0.17%, 2, 6, 2, 50.20, 180361, 111
3304, 33, 3, 19, 2, 0, 0.17%, 2, 6, 2, 52.85, 180638, 111
3309, 33, 3, 19, 2, 0, 0.17%, 2, 6, 2, 49.90, 180888, 111
3314, 34, 3, 19, 2, 0, 0.17%, 2, 6, 2, 42.14, 181089, 111
3320, 34, 3, 19, 2, 0, 0.17%, 2, 6, 2, 38.19, 181271, 111
3325, 34, 3, 19, 2, 0, 0.17%, 2, 6, 2, 40.41, 181465, 111
3330, 34, 3, 19, 2, 0, 0.17%, 2, 6, 2, 43.38, 181691, 111
3335, 34, 3, 19, 2, 0, 0.17%, 2, 6, 2, 43.14, 181897, 111
3340, 34, 3, 19, 2, 0, 0.17%, 2, 6, 2, 42.65, 182097, 111
3345, 34, 3, 19, 2, 0, 0.17%, 2, 6, 2, 50.90, 182370, 111
3350, 34, 3, 19, 2, 0, 0.17%, 2, 6, 2, 45.08, 182592, 111
3356, 34, 3, 19, 2, 0, 0.17%, 2, 6, 2, 66.06, 182942, 111
3361, 34, 6, 19, 2, 0, 0.17%, 2, 6, 2, 52.23, 183208, 111
3366, 34, 3, 19, 2, 0, 0.17%, 2, 6, 2, 50.70, 183457, 111
3371, 34, 3, 19, 2, 0, 0.17%, 2, 6, 2, 39.44, 183642, 111
3376, 35, 6, 19, 2, 0, 0.17%, 2, 6, 2, 38.52, 183849, 111
3381, 35, 3, 19, 2, 0, 0.17%, 2, 6, 2, 53.47, 184106, 111
3386, 35, 3, 19, 2, 0, 0.17%, 2, 6, 2, 63.10, 184438, 111
3391, 35, 3, 19, 2, 0, 0.17%, 2, 6, 2, 61.81, 184736, 111
3397, 35, 3, 19, 2, 0, 0.17%, 2, 6, 2, 57.70, 185037, 111
3402, 35, 3, 19, 2, 0, 0.17%, 2, 6, 2, 46.84, 185280, 111
3407, 35, 3, 19, 2, 0, 0.17%, 2, 6, 2, 53.39, 185532, 111
3412, 35, 6, 19, 2, 0, 0.17%, 2, 6, 2, 46.27, 185770, 111
3417, 35, 3, 19, 2, 0, 0.17%, 2, 6, 2, 42.50, 185972, 111
3422, 35, 6, 19, 2, 0, 0.17%, 2, 6, 2, 38.84, 186165, 111
3427, 35, 3, 19, 2, 0, 0.17%, 2, 6, 2, 42.87, 186386, 111
3432, 35, 16, 19, 2, 0, 0.17%, 2, 6, 2, 46.01, 186620, 111
3437, 35, 3, 19, 2, 0, 0.17%, 2, 6, 2, 53.62, 186876, 111
3443, 36, 3, 19, 2, 0, 0.17%, 2, 6, 2, 62.11, 187182, 111
3448, 36, 3, 19, 2, 0, 0.17%, 2, 6, 2, 51.63, 187430, 111
3453, 36, 3, 19, 2, 0, 0.17%, 2, 6, 2, 53.97, 187722, 111
3458, 36, 3, 19, 2, 0, 0.17%, 2, 6, 2, 43.62, 187959, 111
3463, 36, 3, 19, 2, 0, 0.17%, 2, 6, 2, 39.57, 188153, 111
3466, 36, 3, 19, 2, 0, 0.17%, 2, 6, 2, 37.21, 188289, 111
